 24791.8
 3498.19
 6723.43
    3691
 5496.55
 3995.18
 10911.3
 7986.19
  8434.6
 12003.2
 3224.48
 35866.6
 4129.59
 15202.6
 31822.1
 253.794
 12455.1
 1910.24
 14680.2
 29880.2
 15840.3
 5967.73
 3166.74
 31788.2
  7393.8
 13260.5
 12298.5
 13906.9
 -245.77
 31358.3
 27901.2
 1682.75
 3604.97
 13363.2
 30170.1
-710.414
 16231.7
 360.301
   33391
 39216.2
 3337.56
 8521.42
 5465.69
 8130.83
 10667.7
 13416.8
 6697.34
 6672.92
 11127.9
 32285.1
 4796.83
 5355.88
 32558.7
 31585.7
 9083.69
 39469.1
   14806
 26871.1
 32828.6
 9974.03
 9609.73
 6606.29
 12857.5
 4159.55
 24092.9
 1496.15
 16707.9
 7159.73
  9829.8
 27336.5
 26254.5
 7755.76
 11391.1
   13306
 8130.03
 13710.3
 5204.96
 4424.79
 7234.64
 9448.04
 5448.23
 12704.2
 29455.8
 15799.3
 32661.9
 31387.3
 36633.1
 10544.3
 8999.91
 11084.9
 5995.25
 10276.1
 38224.7
 9130.09
 38508.8
 7630.99
 12554.1
 14181.7
 32814.7
 26607.7
 8117.35
 4269.83
  2953.8
 38146.4
  5368.4
 26163.6
 1770.73
 5488.04
 3965.34
 38824.1
 13245.3
 12004.3
 6564.22
 5171.29
 13569.5
 13115.9
 18567.2
 28283.2
 9151.94
 6082.65
 11374.6
   578.9
 2655.26
 33950.7
 12650.8
 4588.24
 24925.6
 12916.4
 26538.4
 9012.31
 12402.7
 11429.1
 13558.3
 1005.51
 3028.76
 2428.63
 2989.59
 1658.14
 13359.1
 4650.75
 5176.31
 6023.46
 28895.7
 5886.47
 29868.8
  9179.3
 34631.2
 13645.8
 14502.3
 1524.85
 5129.31
 9492.39
 10269.5
 30565.8
 7556.69
 12174.5
 31356.5
 24685.7
 30394.2
 10958.1
 31209.1
 27962.6
 14368.1
 6059.72
 7050.33
 11377.2
 6674.58
 8497.87
 3790.47
 2623.03
   17328
 9515.94
-2026.76
 8070.07
 5156.62
   39506
 7590.16
 10889.4
 9397.47
 11274.2
   12159
 4810.78
    1673
 8035.22
 9667.55
 36282.3
 4977.44
 6349.67
 8759.88
 6926.76
 13496.8
 5011.55
 2189.81
 11659.6
 3277.12
 2689.65
 7998.91
 9474.27
 7058.29
 17992.1
 3443.96
 11026.4
 11399.4
 30044.3
  6060.3
 5581.68
 11247.6
 30845.9
 13902.3
 12585.7
  3323.4
 10010.5
 4173.81
  5547.9
 9806.53
 10840.7
   10438
 1826.59
 4535.61
 1329.53
 7442.22
 13099.4
 6590.16
 26853.9
 29870.6
 14035.4
 7090.44
 16421.5
 9882.06
 9572.03
 11230.2
 13297.3
-2216.67
 11620.3
  6737.9
 29670.8
  947.45
 8864.23
 25811.4
 11690.9
 30959.8
 4625.12
 10592.4
 10174.7
 37485.7
   11596
 15653.6
 5314.91
 -983.81
 5627.48
 22931.9
   38550
 37074.2
 5123.35
 35227.3
 12307.3
 36953.4
 10634.5
 10708.8
 26764.7
 10395.2
 25576.1
 34562.3
 28448.8
 15159.7
 38159.5
 28173.6
 15698.4
 8884.67
 9777.13
 2026.44
 35594.2
 11452.2
 10577.2
 3232.29
 10199.2
 236.805
 737.242
 13934.2
 8237.12
 32076.6
 40515.9
 5442.52
 13775.1
 10842.6
 8384.17
 17120.8
   12910
 39906.6
 10753.7
 5340.56
 5849.91
 33326.5
 2686.18
 3432.81
 324.689
   24479
 31869.5
 32035.3
 10342.9
 7853.89
 34496.1
 15313.6
 6527.49
 15300.4
 7093.97
 4250.75
 6715.86
 14693.3
 10363.5
 8538.25
 91.2971
 35245.7
 11812.7
 28041.8
 12593.6
 11287.2
 12954.5
 8448.31
 9203.53
 5250.71
 6641.56
 29414.6
   16467
 3280.76
 10202.4
 2551.11
 35931.4
 38903.2
 12436.4
 40299.3
 33816.6
 14042.6
 12385.6
 12210.1
 14819.5
 11286.8
 13290.9
   35828
    8998
 2360.88
 13675.3
 13012.2
 16628.4
 15702.4
 7277.82
 8501.01
 11507.7
 7134.74
 1768.14
 10333.7
 8449.65
 3953.81
 8322.54
 4810.78
 7833.08
 15044.4
 11038.5
 7078.65
-1039.41
 12365.7
 6385.88
   22718
 1621.59
 991.936
 11675.4
 14886.9
 7922.41
 10547.8
 4128.74
 10674.3
   10453
 10650.4
 28921.4
 3429.01
 26842.7
 31619.9
   30380
 15798.3
 14161.7
 25739.5
 36145.5
 12415.6
 11805.5
 7680.12
 3089.94
 15464.9
 9882.93
 2085.72
  5433.5
 14115.7
 5223.44
   11392
 11620.2
 11845.9
 6116.59
 10899.2
 2916.25
 12726.2
 4773.99
 7037.12
 15634.9
   15426
 12384.5
 1526.07
 15439.1
 4036.69
 7442.77
 5348.85
 5885.99
-1695.48
 30478.8
 25225.4
 3346.47
  4460.8
 10867.4
 12003.8
 28321.2
 17257.1
 36794.4
 38679.3
 38561.9
 33387.7
 4686.19
 10106.2
 9118.93
 7640.61
 2636.04
-273.311
 6276.79
 2655.11
 2954.72
 6559.29
 12687.8
 5583.14
 15077.5
 4287.76
 6734.37
 18690.1
 4564.79
 7195.41
 30303.7
 6147.02
 15320.4
 35075.6
 9658.74
 13465.4
   10900
 7188.47
 9095.23
    8450
 3829.74
 710.142
 2663.58
 11846.9
 14489.9
 12588.5
 12780.5
 14446.1
 10088.3
 13641.7
 31226.4
 17942.9
 11186.5
 878.402
 28690.3
 12527.5
 14516.4
 4056.41
 506.235
 5027.64
  2953.8
 1797.18
 11571.7
 34031.8
 36915.4
 27357.4
 5933.28
 4866.32
 3951.19
 19042.1
 13248.3
 2492.78
 13800.8
 11919.5
 6650.44
 10307.5
 1183.36
 35125.1
 12159.2
  2834.1
 11571.8
 1269.66
 17016.7
 26097.2
 2496.89
 3725.99
 8824.77
 7669.02
 16117.6
 29319.2
 7839.36
 32173.3
   25769
 7323.42
 8788.92
 4165.44
 1805.25
 2892.69
   11306
 13693.8
 5358.78
 8711.17
 1751.99
 30319.8
 13661.4
 4533.13
 10299.3
 6799.02
    6341
 10349.5
 10436.4
   12802
 9825.08
 30790.7
 3339.04
 3819.21
 9218.29
 13541.4
 1150.87
 40061.3
 14930.2
 13235.1
 8804.17
 17256.8
 7648.93
 9805.31
 9832.31
 9108.38
 11343.9
 9764.18
 4043.45
 15844.6
 40851.7
 11659.5
 33412.1
 7086.52
 17430.7
 4264.77
 37587.9
   13322
 5322.11
 9917.87
 12777.7
  8522.8
 2767.26
 11539.5
 7362.14
 33225.5
 4342.02
 7277.92
 13168.6
 3864.74
 15494.8
    3634
 2903.76
 11652.2
 9291.41
 12506.2
 38077.5
    4682
 4921.47
 10432.3
 17087.9
 15372.2
 11928.2
 1778.01
 33073.9
 10704.1
 2548.85
 12249.2
 2689.65
 13298.3
 3997.85
-1492.54
 5803.09
 1508.42
 30779.1
 16068.4
 7912.12
 11666.2
 6723.01
  3576.8
   25041
 11205.2
 11880.7
 8988.88
 8602.87
 9609.45
   14716
 5105.13
 11356.4
 9908.78
 18349.8
 25803.1
 11989.8
 3640.65
 34642.6
 5142.09
 31600.1
 9809.82
 9291.64
 3970.64
 4720.08
 3564.51
 35868.4
 12322.1
 32457.7
 26971.6
 13595.8
 5387.36
 33065.5
 7193.27
   27482
 12482.4
 4009.41
 8298.76
 10303.6
 14430.7
 35859.9
 12937.5
 2683.62
 6749.99
 6831.12
 13621.8
 17364.9
 1343.69
 10925.2
   30557
 14663.6
 11613.8
 32860.7
 15155.2
 6762.41
   10953
 12053.2
 6868.04
 7741.28
 2167.72
 14303.6
 15223.5
 14791.1
 10216.6
 12049.8
   14437
   33820
 8272.96
 6510.59
 13131.4
 14412.9
 13588.3
 10606.1
 7511.07
 3019.56
 35282.6
   35503
 9422.59
 33638.4
 38409.8
  8137.6
 6764.94
 6162.39
 6373.43
 8360.41
 37958.8
  6365.1
 16599.3
   38556
 14600.9
 9138.05
 -1388.8
-1626.34
 33103.1
 9429.47
 2098.09
 11449.3
 8494.89
 11423.6
 7610.01
 28584.5
 2566.14
 11411.4
 3995.15
 1669.55
 5990.76
 7964.34
 13665.3
 33768.6
 13355.1
 7325.16
 4449.92
 16164.6
 14728.9
 5877.92
 10305.4
 7356.55
 36944.5
   11177
 7785.28
 6837.83
 3976.51
 9081.33
 10088.9
 6691.36
  688.44
 11906.7
 8505.56
 11690.7
 14170.1
 14025.4
 15058.1
 13988.4
 15269.7
 3424.43
   10696
   33143
 8118.72
 27088.5
 6353.87
 10494.7
 29303.1
 8020.49
  4522.6
 10239.7
 14288.5
 12572.9
 33416.1
 2213.98
 29503.3
 30570.8
 8575.56
 27480.4
 36769.6
 4289.53
 9348.81
 11275.8
  5397.1
-265.545
 11590.4
  5124.2
 29405.6
 2669.28
 16832.5
 10019.4
 7210.45
 6144.27
  7290.7
   32483
 9599.15
 28158.3
 6370.61
 4839.02
   28359
 3680.75
 9202.76
 13225.3
 10106.9
 7949.43
 16804.7
 5039.73
 15900.4
   10481
 11840.6
 25993.7
 10498.9
 12811.8
 9603.47
 12966.8
 8984.35
 10954.7
 27559.8
 5521.53
 12811.2
 33190.6
 5614.41
 6578.87
 15912.2
 5306.72
 4350.35
 13450.7
 11446.4
 815.424
 1673.78
 31478.6
 9462.34
   27700
 10554.4
 4099.59
 13037.6
 28457.3
 7443.23
 15994.1
 4.29894
 29765.5
 1927.54
   11441
 12458.1
 4937.45
 1842.16
 3539.21
 10474.8
 12030.8
 9028.84
 3648.61
 8839.22
  3049.4
 2106.09
 6358.21
 33228.7
 31856.9
 10055.4
 187.466
  2419.2
 9619.08
 11248.9
 16365.5
 36784.6
 30759.3
   33864
 5406.33
 14091.3
 5765.25
 3902.31
 14097.3
 8630.41
 10913.8
 6538.45
 12226.8
 6031.65
 13586.3
 2505.96
 11553.1
 28784.5
 35744.5
   11932
 37407.2
   12028
 10353.6
 1969.91
 12777.4
 31744.8
 15061.7
 35672.8
 10805.4
 33869.5
  1990.2
   34509
 25718.5
 5048.36
 10859.4
 36943.3
 7458.96
 14161.2
  4200.4
 8396.78
 7926.59
 4233.75
 16519.2
 11723.4
 2842.48
 11749.3
 4388.43
 6313.99
  8331.4
 8026.62
 3149.01
  9133.3
 9053.84
 7376.73
 7258.94
 5328.97
 3090.74
 1064.33
 38806.3
 4713.64
 29148.2
 36093.4
 7163.41
 5575.57
   14025
 37022.5
 8165.89
 10031.1
   36837
 14811.4
 17463.3
 30597.2
 1447.34
 5473.07
 234.553
 8223.12
 39994.5
 5159.43
 12143.9
 14226.4
 5662.56
 7198.82
 10023.5
 17657.9
 27066.9
 3148.59
 26878.3
 13354.7
 7967.53
  5210.2
 4935.31
 31564.3
 30940.7
 12178.4
 8309.78
 11367.9
 14110.7
 7332.87
 8336.05
  5581.6
 12576.1
  540.13
 8871.19
 16541.3
 9623.37
 9845.56
  8340.4
 9440.17
 10394.6
 8719.41
 11424.4
 10222.2
 8213.96
 1401.26
 10718.4
-475.835
 16182.2
 6322.09
 20.4416
   16553
 13862.7
 10419.9
 33084.6
 8890.09
   28033
 8904.27
 39201.2
 5505.57
 32696.8
 29738.8
 8790.33
 35491.8
    3160
 34898.3
 12702.7
 6396.13
 3091.82
 15918.5
 9531.51
 14215.9
 5248.63
 33582.4
 7881.62
 2909.61
 11153.6
 11068.5
 4919.85
 251.661
  5376.2
 5687.57
 26782.1
 12987.8
 4032.16
 14601.7
  6692.9
 10949.6
  3943.1
 28321.4
 5893.74
 5436.91
  7398.9
 10094.2
 9150.05
 8391.79
   24934
 713.534
  8273.1
 11340.2
 6856.77
 26443.3
 7449.59
 9759.25
 16028.6
 10243.5
 6114.79
 27520.4
   27451
 1512.91
 9021.88
 7032.96
 6553.77
 5904.73
 34128.5
 3695.05
 10932.5
 6993.26
 29505.6
 16098.7
 11240.9
 5999.66
 11370.3
 1375.47
 5971.99
 15105.7
 5038.11
 12276.8
 28377.7
 35438.5
 2.79217
 15144.9
 3922.55
 25236.4
-242.735
 11250.3
 4486.02
 31705.5
 37027.5
 5341.91
 23478.2
 16211.7
 9945.13
 29713.6
 33733.5
 3334.47
 2461.15
 29866.4
 356.466
 27048.6
 2798.45
 14482.5
 31717.2
 7767.49
 34459.7
 2235.87
 33346.8
 12004.2
 13424.6
 11111.7
 33784.5
 1964.32
 11061.5
 9033.63
 9657.62
 6774.99
 7590.75
 4027.14
 11684.7
   40250
 7766.38
  4758.8
 6711.83
 12914.8
 12360.6
 11580.7
 12475.5
