0.493277
0.485931
0.478733
0.47168
0.464767
0.457993
0.451354
0.444848
0.438472
0.432224
0.426101
0.420101
0.41422
0.408457
0.402809
0.397274
0.39185
0.386534
0.381324
0.376219
0.371215
0.366311
0.361506
0.356796
0.35218
0.347657
0.343223
0.338879
0.334621
0.330447
0.326358
0.322349
0.318421
0.314571
0.310798
0.3071
0.303475
0.299923
0.296442
0.29303
0.289686
0.286409
0.283197
0.280049
0.276963
0.273939
0.270975
0.268071
0.265224
0.262433
0.259698
0.257018
0.254391
0.251816
0.249292
0.246819
0.244395
0.242019
0.23969
0.237407
0.23517
0.232977
0.230828
0.228721
0.226656
0.224633
0.222649
0.220705
0.218799
0.216932
0.215101
0.213306
0.211548
0.209824
0.208134
0.206478
0.204854
0.203263
0.201704
0.200175
0.198676
0.197208
0.195768
0.194357
0.192973
0.191618
0.190289
0.188986
0.187709
0.186458
0.185231
0.184028
0.182849
0.181694
0.180561
0.179451
0.178363
0.177296
0.176251
0.175226
0.174221
0.173236
0.172271
0.171324
0.170397
0.169487
0.168596
0.167722
0.166866
0.166026
0.165203
0.164396
0.163605
0.16283
0.16207
0.161325
0.160595
0.159879
0.159177
0.158489
0.157815
0.157154
0.156506
0.15587
0.155248
0.154637
0.154039
0.153452
0.152877
0.152313
0.15176
0.151219
0.150687
0.150167
0.149656
0.149156
0.148665
0.148184
0.147713
0.14725
0.146797
0.146353
0.145918
0.145491
0.145072
0.144662
0.14426
0.143865
0.143479
0.1431
0.142728
0.142364
0.142007
0.141657
0.141313
0.140977
0.140647
0.140323
0.140006
0.139695
0.139391
0.139092
0.138799
0.138512
0.13823
0.137954
0.137683
0.137418
0.137158
0.136903
0.136653
0.136408
0.136167
0.135932
0.135701
0.135474
0.135252
0.135034
0.134821
0.134612
0.134406
0.134205
0.134008
0.133814
0.133625
0.133439
0.133257
0.133078
0.132903
0.132731
0.132562
0.132397
0.132235
0.132077
0.131921
0.131768
0.131619
0.131472
0.131328
0.131187
0.131049
0.130913
0.13078
0.13065
0.130522
0.130397
0.130274
0.130153
0.130035
0.129919
0.129806
0.129694
0.129585
0.129478
0.129373
0.12927
0.129169
0.12907
0.128973
0.128878
0.128785
0.128693
0.128603
0.128515
0.128429
0.128345
0.128262
0.12818
0.128101
0.128022
0.127946
0.127871
0.127797
0.127725
0.127654
0.127584
0.127516
0.127449
0.127384
0.127319
0.127256
0.127195
0.127134
0.127075
0.127016
0.126959
0.126903
0.126848
0.126794
0.126742
0.12669
0.126639
0.126589
0.12654
0.126493
0.126446
0.126399
0.126354
0.12631
0.126267
0.126224
0.126182
0.126141
0.126101
0.126062
0.126023
0.125985
0.125948
0.125912
0.125876
0.125841
0.125807
0.125773
0.12574
0.125707
0.125676
0.125645
0.125614
0.125584
0.125555
0.125526
0.125498
0.12547
0.125443
0.125416
0.12539
0.125364
0.125339
0.125314
0.12529
0.125267
0.125243
0.12522
0.125198
0.125176
0.125155
0.125134
0.125113
0.125093
0.125073
0.125053
0.125034
0.125015
0.124997
0.124979
0.124961
0.124944
0.124927
0.12491
0.124894
0.124878
0.124862
0.124846
0.124831
0.124816
0.124802
0.124787
0.124773
0.12476
0.124746
0.124733
0.12472
0.124707
0.124695
0.124683
0.124671
0.124659
0.124647
0.124636
0.124625
0.124614
0.124603
0.124593
0.124582
0.124572
0.124563
0.124553
0.124543
0.124534
0.124525
0.124516
0.124507
0.124498
0.12449
0.124482
0.124473
0.124466
0.124458
0.12445
0.124442
0.124435
0.124428
0.124421
0.124414
0.124407
0.1244
0.124394
0.124387
0.124381
0.124375
0.124368
0.124363
0.124357
0.124351
0.124345
0.12434
0.124334
0.124329
0.124324
0.124319
0.124314
0.124309
0.124304
0.124299
0.124294
0.12429
0.124285
0.124281
0.124277
0.124273
0.124268
0.124264
0.12426
0.124256
0.124253
0.124249
0.124245
0.124242
0.124238
0.124234
0.124231
0.124228
0.124224
0.124221
0.124218
0.124215
0.124212
0.124209
0.124206
0.124203
0.1242
0.124198
0.124195
0.124192
0.12419
0.124187
0.124185
0.124182
0.12418
0.124177
0.124175
0.124173
0.12417
0.124168
0.124166
0.124164
0.124162
0.12416
0.124158
0.124156
0.124154
0.124152
0.12415
0.124148
0.124147
0.124145
0.124143
0.124142
0.12414
0.124138
0.124137
0.124135
0.124134
0.124132
0.124131
0.124129
0.124128
0.124126
0.124125
0.124124
0.124122
0.124121
0.12412
0.124119
0.124118
0.124116
0.124115
0.124114
0.124113
0.124112
0.124111
0.12411
0.124109
0.124108
0.124107
0.124106
0.124105
0.124104
0.124103
0.124102
0.124101
0.1241
0.124099
0.124098
0.124098
0.124097
0.124096
0.124095
0.124094
0.124094
0.124093
0.124092
0.124092
0.124091
0.12409
0.124089
0.124089
0.124088
0.124088
0.124087
0.124086
0.124086
0.124085
0.124085
0.124084
0.124083
0.124083
0.124082
0.124082
0.124081
0.124081
0.12408
0.12408
0.124079
0.124079
0.124078
0.124078
0.124078
0.124077
0.124077
0.124076
0.124076
0.124076
0.124075
0.124075
0.124074
0.124074
0.124074
0.124073
0.124073
0.124073
0.124072
0.124072
0.124072
0.124071
0.124071
0.124071
0.12407
0.12407
0.12407
0.124069
0.124069
0.124069
0.124069
0.124068
0.124068
0.124068
0.124068
0.124067
0.124067
0.124067
0.124067
0.124066
0.124066
0.124066
0.124066
0.124066
0.124065
0.124065
0.124065
0.124065
0.124065
0.124064
0.124064
0.124064
0.124064
0.124064
0.124064
0.124063
0.124063
0.124063
0.124063
0.124063
0.124063
0.124062
0.124062
0.124062
0.124062
0.124062
0.124062
0.124062
0.124062
0.124061
0.124061
0.124061
0.124061
0.124061
0.124061
0.124061
0.124061
0.12406
0.12406
0.12406
0.12406
0.12406
0.12406
0.12406
0.12406
0.12406
0.12406
0.124059
0.124059
0.124059
0.124059
0.124059
0.124059
0.124059
0.124059
0.124059
0.124059
0.124059
0.124059
0.124058
0.124058
0.124058
0.124058
0.124058
0.124058
0.124058
0.124058
0.124058
0.124058
0.124058
0.124058
0.124058
0.124058
0.124058
0.124058
0.124057
0.124057
0.124057
0.124057
0.124057
0.124057
0.124057
0.124057
0.124057
0.124057
0.124057
0.124057
0.124057
0.124057
0.124057
0.124057
0.124057
0.124057
0.124057
0.124057
0.124057
0.124057
0.124057
0.124057
0.124056
0.124056
0.124056
0.124056
0.124056
0.124056
0.124056
0.124056
0.124056
0.124056
0.124056
0.124056
0.124056
0.124056
0.124056
0.124056
0.124056
0.124056
0.124056
0.124056
0.124056
0.124056
0.124056
0.124056
0.124056
0.124056
0.124056
0.124056
0.124056
0.124056
0.124056
0.124056
0.124056
0.124056
0.124056
0.124056
0.124056
0.124056
0.124056
0.124056
0.124056
0.124056
0.124055
0.124055
0.124055
0.124055
0.124055
0.124055
0.124055
0.124055
0.124055
0.124055
0.124055
0.124055
0.124055
0.124055
0.124055
0.124055
0.124055
0.124055
0.124055
0.124055
0.124055
0.124055
0.124055
0.124055
0.124055
0.124055
0.124055
0.124055
0.124055
0.124055
0.124055
0.124055
0.124055
0.124055
0.124055
0.124055
0.124055
0.124055
0.124055
0.124055
0.124055
0.124055
0.124055
0.124055
0.124055
0.124055
0.124055
0.124055
0.124055
0.124055
0.124055
0.124055
0.124055
0.124055
0.124055
0.124055
0.124055
0.124055
0.124055
0.124055
0.124055
0.124055
0.124055
0.124055
0.124055
0.124055
0.124055
0.124055
0.124055
0.124055
0.124055
0.124055
0.124055
0.124055
0.124055
0.124055
0.124055
0.124055
0.124055
0.124055
0.124055
0.124055
0.124055
0.124055
0.124055
0.124055
0.124055
0.124055
0.124055
0.124055
0.124055
0.124055
0.124055
0.124055
0.124055
0.124055
0.124055
0.124055
0.124055
0.124055
0.124055
0.124055
0.124055
0.124055
0.124055
0.124055
0.124055
0.124055
0.124055
0.124055
0.124055
0.124055
0.124055
0.124055
0.124055
0.124055
0.124055
0.124055
0.124055
0.124055
0.124055
0.124055
0.124055
0.124055
0.124055
0.124055
0.124055
0.124055
0.124055
0.124055
0.124055
0.124055
0.124055
0.124055
0.124055
0.124055
0.124055
0.124055
0.124055
0.124055
0.124055
0.124055
0.124055
0.124055
0.124055
0.124055
0.124055
0.124055
0.124055
0.124055
0.124055
0.124055
0.124055
0.124055
0.124055
0.124055
0.124055
0.124055
0.124055
0.124055
0.124055
0.124055
0.124055
0.124055
0.124055
0.124055
0.124055
0.124055
0.124055
0.124055
0.124055
0.124055
0.124055
0.124055
0.124055
0.124055
0.124055
0.124055
0.124055
0.124055
0.124055
0.124055
0.124055
0.124055
0.124055
0.124055
0.124055
0.124055
0.124055
0.124055
0.124055
0.124055
0.124055
0.124055
0.124055
0.124055
0.124055
0.124055
0.124055
0.124055
0.124055
0.124055
0.124055
0.124055
0.124055
0.124055
0.124055
0.124055
0.124055
0.124055
0.124055
0.124055
0.124055
0.124055
0.124055
0.124055
0.124055
0.124055
0.124055
0.124055
0.124055
0.124055
0.124055
0.124055
0.124055
0.124055
0.124055
0.124055
0.124055
0.124055
0.124055
0.124055
0.124055
0.124055
0.124055
0.124055
0.124055
0.124055
0.124055
0.124055
0.124055
0.124055
0.124055
0.124055
0.124055
0.124055
0.124055
0.124055
0.124055
0.124055
0.124055
0.124055
0.124055
0.124055
0.124055
0.124055
0.124055
0.124055
0.124055
0.124055
0.124055
0.124055
0.124055
0.124055
0.124055
0.124055
0.124055
0.124055
0.124055
0.124055
0.124055
0.124055
0.124055
0.124055
0.124055
0.124055
0.124055
0.124055
0.124055
0.124055
0.124055
0.124055
0.124055
0.124055
0.124055
0.124055
0.124055
0.124055
0.124055
0.124055
0.124055
0.124055
0.124055
0.124055
0.124055
0.124055
0.124055
0.124055
0.124055
0.124055
0.124055
0.124055
0.124055
0.124055
0.124055
0.124055
0.124055
0.124055
0.124055
0.124055
0.124055
0.124055
0.124055
0.124055
0.124055
0.124055
0.124055
0.124055
0.124055
0.124055
0.124055
0.124055
0.124055
0.124055
0.124055
0.124055
0.124055
